Trait	Marker	Chr	Pos	marker_F	p	marker_Rsq	add_F	add_p	dom_F	dom_p	marker_df	marker_MS	error_df	error_MS	model_df	model_MS	minorObs
TSLL	1_385232	1	385232	54.45725	6.2177E-23	0.11725	99.69333	3.103E-22	8.33097	0.004	2	2747.92423	820	50.46021	2	2747.92423	19
TSLL	1_384961	1	384961	50.16704	2.7927E-21	0.10902	89.44351	3.2231E-20	9.91891	0.0017	2	2553.82341	820	50.9064	2	2553.82341	21
TSLL	3_38443268	3	38443268	49.64519	4.3916E-21	0.10754	98.40293	5.4807E-22	0.89944	0.34321	2	2523.59435	824	50.8326	2	2523.59435	13
TSLL	9_15515333	9	15515333	45.84912	1.3183E-19	0.10014	88.21472	5.5879E-20	3.24363	0.07207	2	2349.95382	824	51.25406	2	2349.95382	11
TSLL	1_385215	1	385215	45.52944	1.7864E-19	0.10017	81.7253	1.11E-18	8.57745	0.0035	2	2323.62255	818	51.03561	2	2323.62255	22
TSLL	1_365499	1	365499	45.14297	2.523E-19	0.09929	90.29095	2.1968E-20	0.09467	0.7584	2	2292.49226	819	50.78293	2	2292.49226	21
TSLL	1_365732	1	365732	45.14297	2.523E-19	0.09929	90.29095	2.1968E-20	0.09467	0.7584	2	2292.49226	819	50.78293	2	2292.49226	21
TSLL	1_365305	1	365305	44.3327	5.2512E-19	0.09779	88.59965	4.7607E-20	0.15695	0.69209	2	2247.29018	818	50.69148	2	2247.29018	20
TSLL	1_365326	1	365326	44.3327	5.2512E-19	0.09779	88.59965	4.7607E-20	0.15695	0.69209	2	2247.29018	818	50.69148	2	2247.29018	20
TSLL	2_37881372	2	37881372	44.00146	6.9927E-19	0.0966	82.7743	6.7749E-19	4.84262	0.02804	2	2245.75041	823	51.03809	2	2245.75041	11
TSLL	9_51446262	9	51446262	43.28011	1.3424E-18	0.09517	80.23117	2.1849E-18	5.85621	0.01574	2	2233.06067	823	51.59555	2	2233.06067	27
TSLL	1_393607	1	393607	42.90721	1.9133E-18	0.09516	81.31731	1.3452E-18	4.18055	0.04121	2	2180.49174	816	50.81877	2	2180.49174	21
TSLL	1_41938788	1	41938788	42.73609	2.2125E-18	0.0944	85.57639	1.8862E-19	2.4414E-5	0.99606	2	2207.29835	820	51.64952	2	2207.29835	43
TSLL	3_18189753	3	18189753	42.52817	2.7093E-18	0.09461	84.55382	3.0574E-19	0.54929	0.45882	2	2160.96398	814	50.81253	2	2160.96398	44
TSLL	3_18189754	3	18189754	42.52817	2.7093E-18	0.09461	84.55382	3.0574E-19	0.54929	0.45882	2	2160.96398	814	50.81253	2	2160.96398	44
TSLL	3_18189932	3	18189932	42.52817	2.7093E-18	0.09461	84.55382	3.0574E-19	0.54929	0.45882	2	2160.96398	814	50.81253	2	2160.96398	44
TSLL	1_394158	1	394158	42.43553	2.9186E-18	0.094	83.20537	5.6218E-19	1.6043	0.20566	2	2189.34636	818	51.5923	2	2189.34636	24
TSLL	2_37209975	2	37209975	42.32238	3.1962E-18	0.09326	78.3919	5.1079E-18	5.79654	0.01628	2	2170.19076	823	51.27762	2	2170.19076	11
TSLL	1_41938759	1	41938759	42.21209	3.5571E-18	0.09335	84.38468	3.2568E-19	0.12903	0.71954	2	2182.76039	820	51.70936	2	2182.76039	43
TSLL	1_41938775	1	41938775	42.21209	3.5571E-18	0.09335	84.38468	3.2568E-19	0.12903	0.71954	2	2182.76039	820	51.70936	2	2182.76039	43
